#
#Tue Sep 11 11:53:06 PDT 2012
BackgroundImageAdaption=0.0010
adaptation=0.0010
blurRadius=5
broadcastGrid=true
broadcastGridAddress=localhost
broadcastGridPort=3458
camera=FlyCam
dilateIterations=1
distortionGridHeight=4
distortionGridWidth=6
drawTracks=true
erodeIterations=1
framesUntilCertainTrack=20
framesUntilDeleteTrack=40
grid=7x5;0,0,0,120,0,240,0,360,0,479,106,0,106,120,106,240,106,360,106,479,213,0,213,120,213,240,213,360,213,479,320,0,320,120,320,240,320,360,320,479,426,0,426,120,426,240,426,360,426,479,533,0,533,120,533,240,533,360,533,479,639,0,639,120,639,240,639,360,639,479
gridIsOn=true
gridScaleX=60
gridScaleY=20
mask=testMask.png
maxBlobSize=100
maxTrackMove=50
minBlobSize=50
nonMatchPenalty=100.0
provisionalPenalty=50.0
roiHeight=200
roiLeft=0
roiRight=0
roiWidth=400
showConsole=false
showGraphics=true
srcHeight=480
srcWidth=640
threshold=100.0
unwarpCenterX=320
unwarpCenterY=240
unwarpIsOn=false
unwarpK1=0.0
unwarpK2=0.0
unwarpP1=0.0
unwarpP2=0.0
useROI=false
velocityMatchPercentage=-1.0
warpGrid=7x5;36,30,0,120,0,240,0,360,0,479,106,0,147,139,106,240,106,360,106,479,213,0,213,120,213,240,174,317,210,422,320,0,320,120,320,240,320,360,320,479,428,46,443,152,426,240,426,360,426,479,533,0,533,120,533,240,495,333,533,479,639,0,639,120,639,240,639,360,602,446
warpGridHeight=4
warpGridIsOn=true
warpGridWidth=6
warpIsOn=true
